AP=0.593355
AP=0.423118
AP=0.363894
